#Winkel, Counts, Zeit

 0.0   916  100
 0.1   885  100
 0.2   942  100
 0.3  1058  100
 0.4   959  100
 0.5  1067  100
 0.6  1185  110
 0.7  1071  110
 0.8  1139  110
 0.9  1160  110
 1.0  1093  110
 1.1  1230  110
 1.2  1164  110
 1.3  1133  110
 1.4  1143  110
 1.5  1157  110
 1.6  1215  110
 1.7  1183  110
 1.8  1165  110
 1.9  1145  110
 2.0  1209  110
 2.1  1197  110
 2.2  1127  110
 2.3  1142  110
 2.4  1100  110
 2.5  1164  110
 2.6  1185  110
 2.7  1223  110
 2.8  1103  110
 2.9  1232  110
 3.0  1107  110
 4.0  1092  110
 6.0   872  120
 8.0  1140  300
10.0   994  450
15.0   851  1200
20.0   543  900
