 0.1  4.9  2.0  -30#1854289.3
 0.2  5.2  2.1  -30#115893.26
 0.3  5.8  2.3  -30#22892.554
 0.4  5.3  2.2  -30#7243.3729
 0.5  5.9  2.3  -30#2966.8991
 0.6  5.9  2.3  -30#1430.8042
 0.7  5.3  2.2  -30#772.31759
 0.8  5.7  2.3  -30#452.72183
 0.9  5.8  2.3  -30#282.63445
 1.0  5.5  2.2  -30#185.43825
 1.1  6.1  2.4  -30#126.65817
 1.2  5.8  2.3  -30#89.430168
 1.3  5.7  2.3  64.929362
 1.4  5.7  2.3  48.273451
 1.5  5.8  2.3  36.632103
 1.6  6.1  2.4  28.297873
 1.7  5.9  2.3  22.204720
 1.8  5.8  2.3  17.666832
 1.9  5.7  2.3  14.231231
 2.0  6.0  2.4  11.591656
 2.1  6.0  2.4  9.5366828
 2.2  5.6  2.3  7.9175948
 2.3  5.7  2.3  6.6280012
 2.4  5.5  2.2  5.5906115
 2.5  5.8  2.3  4.7484848
 2.6  5.9  2.3  4.0591298
 2.7  6.1  2.4  3.4904624
 2.8  5.5  2.2  3.0179915
 2.9  6.1  2.4  2.6228335
 3.0  5.5  2.2  2.2902912
 4.0  5.5  2.2  0.7249200
 6.0  4.0  1.8  0.1433395
 8.0  2.1  1.2  0.0454180
10.0  1.2  0.9  0.0186372
15.0  0.4  0.5  0.0037048
20.0  0.3  0.4  0.0011827
