#T   C_E \pm err   C_T
 90  16.51  0.22  13.18
100  21.10  0.28  14.68
110  22.80  0.30  15.96
120  26.54  0.40  17.05
130  23.21  0.40  17.97
140  22.38  0.40  18.67
150  20.55  0.40  19.42
160  20.42  0.40  19.98
170  23.69  0.40  20.46
180  23.76  0.40  20.92
190  24.33  0.40  21.27
200  25.70  0.40  21.59
210  25.07  0.40  21.89
220  22.83  0.40  22.12
230  21.80  0.40  22.35
240  18.77  0.40  22.65
250  17.13  0.40  22.71
260  20.50  0.40  23.03
270  24.06  0.40  23.14
280  25.83  0.40  23.04
290  22.39  0.40  23.29
300  22.56  0.40  23.37
