# z B
-100  1.300
-080  1.880
-060  1.000
-040  0.970
-035  1.100
-030  1.690
-025  4.360
-020  16.60
-018  30.50
-016  59.70
-014  119.4
-012  225.0
-010  330.0
-009  357.0
-008  374.0
-007  386.0
-006  395.0
-005  400.0
-004  404.0
-003  406.0
-002  407.0
-001  407.0
0000  405.0
0001  403.0
0002  398.0
0003  391.0
0004  381.0
0005  367.0
0006  345.0
0007  315.0
0008  275.0
0009  225.0
0010  173.0
0012  89.50
0014  46.10
0016  25.20
0018  14.00
0020  8.170
0025  2.630
0030  1.390
0035  1.120
0040  1.080
0060  1.140
0080  1.460
0100  1.340
